5222909
5222910
5267905
5267906
5299443
5299444
5299445
5394057
5435234
5557285
5605273
5605274
5605275
5605276
5605277
5605278
5605279
5605280
5605281
5605282
5605811
5606359
5609694
5609695
5618764
5626463
5626464
5626465
5626466
5626467
5626468
5626469
5626470
5626471
5626472
5626473
5626556
5626557
5626558
5626559
5626560
5626561
5626562
5626677
5626678
5626780
5631292
5631293
5631294
5631295
5631296
5631537
5631538
5631539
5631540
5631541
5631542
5631543
5631544
5651802
5651838
5651839
5657728
5657729
5657730
5657731
5671739
5671740
5671741
5671742
5671743
5671744
5671745
5683727
5683728
5696955
5697553
5697554
5697555
5697556
5697557
5697558
5697595
5710798
5710800
5710803
5710815
5710820
5710822
5710823
5710826
5710827
5710828
5710829
5710830
5711118
5721157
5721158
5721159
5721160
5721161
5721162
5721163
5721164
5721165
5721166
5721167
5721190
5721191
5721192
5721193
5721194
5721195
5749993
5749994
5749995
5749996
5749997
5757587
5757588
5757589
5757590
5757591
5757592
5757593
5757594
5757595
5757596
5757597
5757598
5757599
5757600
5757601
5762156
5762157
5762158
5762159
5762160
5762161
5762162
5762163
5762164
5762165
5762166
5762167
5762168
5762169
5763729
5763730
5763731
5763732
5763733
5763734
5763735
5763736
5763737
5763738
5763739
5763740
5764433
5764434
5764435
5764436
5764437
5764438
5764439
5764440
5765323
5765324
5765325
5774636
5774637
5774638
5774639
5774640
5774641
5774642
5774643
5774644
5774645
5774646
5774647
5774648
5774649
5774650
5774651
5774652
5774653
5774654
5780604
5780605
5780606
5780607
5780608
5780609
5780610
5780611
5782886
5782887
5782888
5782889
5782890
5782891
5782892
5782893
5782895
5782896
5782897
5782898
5790729
5790730
5790731
5790732
5790733
5790734
5790735
5790736
5790938
5790939
5790940
5790941
5790942
5790943
5790944
5790945
5790946
5790947
5790948
5790949
5790950
5790951
5790952
5790953
5790954
5790955
5790956
5802233
5802234
5802235
5802236
5802237
5802238
5803506
5803507
5803508
5803509
5803510
5803511
5803512
5803513
5803514
5803515
5803516
5813339
5813340
5813341
5813342
5813343
5813344
5813345
5822389
5822390
5822391
5822392
5822393
5822394
5822395
5823039
5823040
5823041
5823042
5823043
5823044
5823045
5823046
5823047
5823048
5824962
5824963
5824964
5824965
5824966
5824967
5824968
5824969
5824970
5824971
5824972
5824973
5824974
5824975
5824976
5824977
5824978
5824979
5824980
5824981
5826809
5826810
5826811
5826812
5826813
5826814
5826815
5826816
5826817
5826818
5826819
5826820
5826821
5826822
5826823
5826824
5826825
5826826
5831221
5831222
5831223
5831224
5831225
5831226
5831227
5831228
5831229
5831834
5831980
5831981
5831982
5831983
5831984
5831985
5834772
5834773
5834774
5834775
5834776
5834777
5834778
5834779
5834780
5842123
5842124
5842125
5842126
5842127
5842128
5842129
5842130
5842131
5842132
5842133
5842134
5842135
5842136
5842137
5844560
5844561
5844562
5844563
5844564
5844565
5844566
5844567
5854663
5854664
5854665
5854666
5854667
5854668
5854669
5854670
5854671
5854672
5854673
5854674
5854675
5854676
5854677
5854678
5854679
5854680
5854681
5854953
5854954
5854955
5854956
5854957
5854958
5854959
5854960
5854961
5854962
5855018
5855019
5855020
5855021
5855022
5855023
5855024
5855025
5855026
5855027
5855028
5857996
5857997
5857998
5857999
5858000
5858001
5858002
5858003
5858004
5858005
5858006
5858007
5858008
5858009
5858010
5863398
5863399
5863400
5863401
5863402
5863403
5863404
5863405
5863406
5863407
5863408
5863409
5863410
5863411
5863412
5863413
5863414
5863415
5863416
5863417
5863418
5864801
5864802
5864803
5864804
5864805
5864806
5864807
5869008
5869009
5869010
5869011
5869012
5869013
5869014
5869015
5869016
5869017
5869018
5869019
5869020
5869021
5869022
5869023
5869024
5871285
5871286
5871287
5871288
5871289
5871290
5871291
5871292
5871293
5871565
5873487
5873488
5873489
5873490
5873491
5873492
5873493
5873494
5873909
5873984
5873985
5873986
5873987
5873988
5873989
5873990
5873991
5873992
5873993
5873994
5873995
5874669
5874670
5874671
5874672
5874673
5874674
5874675
5874676
5874677
5874678
5876549
5876550
5876551
5876552
5876553
5876554
5876555
5876556
5879252
5879253
5879262
5879263
5879398
5879399
5879400
5879401
5879402
5881870
5881871
5881872
5881873
5881874
5881875
5881876
5882215
5882233
5882234
5888440
5888441
5888442
5888443
5888444
5888445
5888446
5888447
5888448
5889182
5889183
5889184
5889185
5889186
5889187
5889188
5889189
5889190
5889191
5889192
5889193
5889194
5889195
5889196
5889197
5889932
5889933
5889934
5889935
5889936
5889937
5889938
5889939
5889940
5889941
5889942
5889957
5889958
5889959
5889960
5889961
5889962
5889963
5890112
5890113
5890114
5890115
5890116
5890117
5890264
5890265
5890266
5890267
5890268
5890269
5890270
5890271
5890272
5890273
5890274
5893401
5893402
5893403
5893404
5893405
5893406
5893407
5893408
5893409
5893410
5893411
5893412
5893413
5893414
5893415
5893416
5893417
5893418
5893419
5893420
5893421
5893422
5893423
5893424
5893425
5893426
5893427
5893428
5893429
5893430
5893431
5893432
5893433
5893434
5893435
5893436
5896362
5896363
5896367
5897705
5897706
5897707
5897708
5897709
5897710
5897711
5897712
5897713
5897714
5897715
5897716
5897717
5897718
5897719
5897720
5897721
5897722
5897723
5897724
5897725
5897726
5897727
5897728
5897729
5897730
5897731
5897732
5897733
5897734
5898173
5898197
5898198
5898199
5898200
5898201
5898202
5898203
5898204
5898205
5898206
5898207
5898252
5898253
5898254
5898255
5898256
5898257
5898258
5898259
5898260
5898261
5898262
5898263
5898381
5898689
5898794
5898795
5898796
5898797
5898798
5898799
5898800
5898801
5901037
5901038
5901039
5901040
5901041
5901042
5905433
5905434
5905435
5905436
5905437
5905438
5905439
5905440
5905441
5905442
5905443
5905444
5905445
5905478
5905570
5905571
5905572
5905573
5905574
5905575
5905576
5905577
5905578
5908767
5908768
5908769
5908770
5908771
5908772
5908773
5908774
5908775
5908776
5908777
5908796
5908797
5908828
5908829
5908830
5908831
5908832
5908833
5908834
5908835
5908836
5908837
5908838
5908839
5908840
5908854
5908855
5908856
5908857
5908858
5908859
5908860
5908861
5908862
5908863
5908864
5908865
5908866
5908867
5908868
5908869
5908870
5908871
5908872
5908873
5908874
5909035
5909036
5909037
5909038
5909039
5909040
5909041
5909042
5909043
5909044
5909045
5909046
5909047
5909048
5909049
5909050
5909051
5909052
5909053
5909054
5909055
5909433
5909434
5909435
5909436
5909437
5909438
5909439
5909440
5909441
5909442
5909443
5909444
5909445
5909446
5915788
5915789
5915790
5915791
5915792
5915793
5915794
5915795
5915796
5915797
5915798
5915799
5915800
5915801
5916190
5916191
5916192
5916193
5916194
5916195
5918445
5918446
5918447
5918448
5918449
5918450
5918451
5918452
5918453
5918454
5918455
5918456
5918457
5918458
5918459
5918460
5918461
5918462
5918463
5918464
5918465
5918466
5918467
5918468
5918469
5918470
5918471
5918472
5918473
5918474
5918475
5918476
5918477
5918478
5918479
5918480
5918481
5918482
5918483
5918484
5918485
5918634
5918668
5918669
5918670
5918671
5918672
5918673
5918674
5918675
5918676
5918677
5918678
5918679
5918701
5918702
5918703
5918704
5918705
5918706
5918707
5918723
5918724
5918725
5918748
5918749
5918750
5918751
5918752
5918753
5918754
5918755
5918756
5922000
5922001
5922002
5922007
5922008
5922098
5922099
5922100
5922101
5922102
5922103
5922104
5922105
5922106
5922107
5922108
5922109
5922110
5922111
5922112
5922113
5922114
5922115
5922116
5922117
5922118
5923643
5923644
5923645
5923646
5923647
5923648
5923649
5925355
5925356
5925357
5925358
5925359
5925360
5925361
5925362
5925363
5925364
5925365
5925366
5925367
5925368
5925369
5925370
5925371
5925372
5925373
5928263
5928264
5928265
5928266
5928267
5928268
5928269
5928270
5928271
5928272
5928273
5928274
5928695
5928728
5928729
5928730
5928731
5928732
5928815
5928816
5928817
5928818
5928819
5928820
5928821
5928822
5928823
5928824
5928825
5928826
5928827
5928828
5928829
5934482
5934483
5934484
5934485
5934486
5934487
5934488
5934489
5934490
5934491
5934492
5934493
5934494
5934495
5935970
5935971
5935972
5935973
5935974
5935975
5935976
5935977
5935978
5935979
5935980
5935981
5935982
5935983
5935984
5935985
5935986
5935987
5935988
5935989
5936632
5936656
5936657
5936658
5936659
5936660
5936661
5936662
5936663
5936664
5936665
5937067
5937068
5937069
5937070
5937071
5937072
5937073
5937074
5937075
5937076
5937077
5937078
5937079
5937080
5937081
5937082
5937083
5937084
5937085
5937086
5939032
5939033
5939034
5939035
5939036
5939037
5939038
5939039
5939040
5939041
5939042
5939043
5939044
5939045
5939046
5939047
5939048
5939049
5941007
5941008
5941009
5941010
5941011
5941012
5941013
5941014
5941015
5941016
5942495
5942496
5942497
5942498
5942499
5942500
5942501
5942502
5942503
5942629
5942630
5942631
5942632
5942633
5942634
5942635
5942636
5942637
5942638
5942767
5942768
5942769
5942770
5942771
5942772
5942773
5942774
5942775
5942776
5942777
5942778
5942779
5942859
5942860
5942861
5942862
5942863
5942864
5942865
5942866
5942867
5942868
5942869
5942870
5943520
5943521
5943522
5943523
5945234
5945235
5945236
5945237
5945238
5945239
5945240
5945241
5945242
5945243
5945244
5945245
5945469
5945470
5945471
5945472
5945473
5945474
5945475
5945476
5945477
5945478
5945479
5945502
5945503
5945504
5945505
5945506
5945507
5945508
5945509
5945549
5945550
5945551
5945552
5945553
5945554
5945812
5945813
5945814
5945815
5945816
5945817
5945818
5945819
5945820
5945821
5946596
5946635
5946636
5946637
5946638
5946639
5946640
5946641
5946642
5946643
5946644
5946645
5946646
5946647
5946648
5946661
5946677
5946678
5946679
5946680
5946681
5946682
5946683
5946684
5946685
5947463
5947464
5947465
5947533
5947534
5947535
5947536
5947537
5947538
5947539
5947540
5947541
5947542
5947543
5947544
5947545
5947546
5947547
5947682
5947683
5947684
5947685
5947686
5951608
5951644
5951645
5951646
5951647
5951648
5951658
5951659
5951660
5951661
5951662
5951663
5956082
5956083
5956084
5956085
5956086
5956087
5956088
5956089
5956090
5956091
5956105
5956106
5956107
5956108
5956109
5956145
5956146
5956147
5956148
5956149
5956150
5956151
5956152
5956153
5956812
5956813
5956814
5956815
5956816
5956817
5956818
5956819
5956820
5956821
5956822
5957342
5957343
5957344
5957345
5957346
5957347
5957348
5957349
5957350
5957351
5960082
5960083
5960084
5960085
5960086
5960087
5960088
5960089
5960090
5960091
5960092
5960095
5960097
5960099
5960101
5960104
5960106
5960109
5960111
5960113
5960115
5960143
5960144
5960145
5960146
5960147
5960148
5960149
5960477
5960478
5960479
5960480
5964299
5964300
5964301
5964302
5964303
5964304
5964305
5964306
5964307
5964308
5964309
5964748
5964749
5964750
5964751
5964752
5964753
5964754
5964755
5964756
5964757
5964758
5965705
5965706
5965707
5965708
5965709
5965710
5965711
5965712
5965713
5965714
5965715
5965716
5965717
5965718
5965719
5965720
5965721
5965722
5965723
5965724
5965725
5965726
5966011
5966012
5966013
5966014
5966015
5966016
5966017
5966018
5966019
5966020
5966021
5966022
5966023
5966024
5966025
5966026
5966027
5966028
5966029
5966030
5966031
5966032
5966033
5966034
5966035
5966036
5966037
5966038
5966039
5966040
5966041
5966042
5966043
5966044
5966217
5966218
5966219
5966220
5966221
5966222
5966223
5966224
5966225
5966226
5966227
5966228
5966229
5966230
5966231
5966322
5966323
5966324
5966325
5966326
5966327
5966328
5966329
5966330
5966331
5966332
5966333
5966334
5966335
5966336
5966337
5966338
5966339
5966340
5966341
5966342
5966343
5966344
5966345
5966346
5966347
5966348
5966349
5966350
5966351
5966352
5966353
5966354
5966355
5966356
5966357
5967203
5967204
5967205
5967206
5967207
5967208
5967209
5967417
5967418
5967419
5967420
5967421
5967422
5967423
5967424
5967425
5967426
5967427
5967428
5967429
5967430
5967431
5967432
5967433
5967434
5967435
5967436
5967437
5967438
5967439
5967440
5967441
5967501
5967502
5967503
5967504
5967505
5967506
5967507
5967508
5967509
5967510
5967511
5967512
5967513
5967514
5967515
5967516
5967517
5967518
5967519
5967520
5967521
5967522
5967634
5967635
5967636
5967637
5967638
5967639
5967640
5967641
5967702
5967703
5967704
5967705
5967706
5967707
5967708
5967709
5967710
5967711
5967712
5967713
5967714
5967715
5971402
5971403
5971404
5971405
5971406
5971407
5971408
5971409
5971410
5974027
5974028
5974029
5974030
5974031
5974032
5974033
5974034
5974035
5974036
5974037
5975002
5975003
5975004
5975005
5975006
5975007
5975008
5975009
5976153
5976154
5976155
5976156
5976157
5976158
5976159
5976160
5976161
5976162
5976246
5976372
5976373
5976374
5976375
5976376
5976377
5976378
5976379
5976380
5976381
5976382
5976383
5976384
5976385
5976386
5976387
5976388
5976389
5976390
5977290
5977291
5977292
5977293
5977294
5977295
5977296
5977297
5977298
5977299
5977300
5977301
5977302
5977303
5978561
5978562
5978563
5978564
5978565
5978566
5978567
5978915
5978916
5978917
5978918
5978919
5978920
5978921
5978922
5978923
5978924
5978925
5978926
5978927
5978929
5978931
5978933
5978935
5978936
5978939
5978940
5978941
5978942
5978943
5978944
5978945
5980061
5980062
5980063
5980064
5980065
5980066
5980067
5980068
5980069
5980070
5980071
5980072
5980073
5980074
5980075
5980076
5980101
5980102
5980103
5980104
5980105
5982182
5982183
5982184
5982185
5982186
5982187
5982188
5982189
5982190
5982191
5982192
5982193
5982194
5982207
5982208
5982209
5982210
5982211
5982212
5982213
5982214
5982215
5982216
5982217
5982218
5982219
5982220
5982221
5982222
5982223
5982224
5982225
5982252
5982253
5982254
5982255
5982256
5982257
5982258
5982259
5982260
5982261
5982262
5982263
5982264
5982322
5982323
5982324
5982325
5982326
5982327
5982328
5982329
5982330
5982331
5982332
5982333
5982334
5982337
5982338
5982339
5982480
5982481
5982482
5982483
5982484
5982485
5982486
5982487
5982488
5982489
5982490
5982491
5982498
5982499
5982500
5982501
5982502
5982503
5982504
5982505
5982506
5982507
5982508
5982509
5982510
5982511
5982512
5982513
5982514
5982515
5982516
5982517
5982518
5982519
5982520
5982521
5982522
5982523
5982524
5982525
5982526
5982538
5982539
5982540
5982541
5982542
5982543
5982544
5982545
5982546
5982547
5982548
5982549
5982550
5984163
5984164
5984165
5984166
5984167
5984168
5984169
5984170
5984171
5984172
5984173
5984402
5984403
5984404
5984405
5984406
5984407
5984408
5984409
5984991
5984992
5984993
5984994
5984995
5984996
5984997
5984998
5984999
5985000
5985001
5985002
5985003
5985004
5993046
5993047
5993048
5993049
5993050
5993051
5993052
5993053
5993054
5993055
5993056
5993057
5993058
5993059
5993060
5993061
5993062
5993063
5993064
5993065
5993066
5993067
5993068
5993069
5993070
5993071
5993072
5993073
5993074
5993075
5993076
5993077
5993078
5993079
5993080
5993081
5993082
5993083
5993084
5993085
5993086
5993087
5993088
5993089
5993090
5993091
5993092
5993093
5993094
5993095
5993096
5993097
5993098
5993099
5993100
5994247
5994248
5994249
5994250
5994251
5994252
5994253
5995199
5995200
5995201
5995202
5995203
5995204
5995205
5995206
5995207
5995208
5996190
5996191
5996192
5996193
5996194
5996195
5996196
5996197
5996198
5996199
5996200
5996201
5996202
5996468
5996469
5996470
5996471
5996472
5996473
5996474
5996475
5996476
5996477
5996478
5996479
5996480
5996481
5996482
5996483
5996484
5996485
5996486
5996487
5996488
5996489
5996490
5996491
5996492
5996493
5996494
5996495
5996496
5996497
5997926
5997937
5997938
5998459
5998460
5998461
5998462
5998463
5998464
5998465
5998466
5998467
5998468
5998469
5998470
5998471
5998472
5998473
5998474
5998475
5998482
5998483
5998484
5998485
5998486
5998487
5998488
5998489
5998490
5998491
5998492
5998493
5998494
5998495
5998496
5998497
5998498
5998499
5999533
5999534
5999535
5999536
5999537
5999538
5999539
5999540
5999541
5999542
5999543
5999544
5999545
5999546
5999547
5999548
5999549
5999550
5999551
6001719
6001953
6001954
6001955
6001956
6001957
6001958
6001959
6001960
6001961
6001962
6001963
6001964
6001965
6001966
6001967
6001968
6001969
6001970
6001971
6001972
6001973
6001974
6001975
6001976
6001977
6001978
6001979
6001980
6001982
6001983
6001984
6001985
6001986
6001995
6001996
6001997
6001998
6001999
6002000
6003368
6004290
6004291
6004292
6004293
6004294
6004295
6004296
6004402
6004403
6004404
6004405
6004406
6005662
6005663
6005664
6005665
6005666
6005667
6005668
6005669
6005670
6005680
6005681
6005682
6005683
6005684
6005685
6005686
6005687
6005735
6005736
6005737
6005738
6005739
6005740
6005741
6005742
6005743
6005744
6005745
6005746
6005747
6005748
6005749
6005750
6005751
6005752
6005753
6005754
6005755
6005756
6005757
6005758
6005759
6005760
6005761
6005762
6005763
6005764
6005765
6005766
6005767
6005768
6005769
6005770
6005771
6005772
6005773
6005774
6005775
6005776
6007811
6007812
6007813
6007814
6007815
6007816
6007817
6007818
6007819
6007820
6007821
6007822
6007823
6007824
6007825
6007826
6007827
6007828
6007829
6007830
6007831
6007832
6007833
6007834
6008444
6008445
6008446
6008447
6008448
6008449
6008450
6008630
6008631
6008632
6008633
6008634
6008635
6008636
6008637
6013140
6013141
6013232
6013233
6013830
6013831
6013832
6013833
6014162
6014163
6014164
6014165
6014166
6014167
6014168
6014315
6014316
6014317
6014318
6014319
6014320
6014321
6014322
6014323
6014324
6015601
6015602
6015603
6015604
6015623
6015624
6015625
6015626
6015627
6015628
6015633
6015639
6015641
6015642
6015643
6015644
6015883
6015884
6015885
6015886
6015887
6015888
6015889
6015890
6015891
6016333
6016334
6016335
6016336
6016337
6016338
6016339
6016340
6016341
6016342
6016343
6016344
6016345
6016346
6016347
6016348
6016349
6016350
6016351
6016352
6016353
6016354
6016355
6016356
6016357
6016358
6016359
6016360
6016361
6016362
6016363
6016364
6016365
6016366
6016367
6016368
6016369
6016370
6016371
6016372
6016373
6016374
6016375
6016376
6016742
6016743
6016744
6016745
6016746
6016747
6016748
6016749
6016750
6016751
6016752
6016753
6016754
6016755
6016756
6016757
6016758
6018124
6018134
6018135
6018136
6018137
6018138
6018139
6018140
6018141
6018301
6018302
6018303
6018304
6018305
6021559
6021560
6021561
6021562
6021563
6021564
6021565
6021566
6021567
6021568
6021569
6021570
6021571
6021572
6021573
6021574
6021575
6021576
6021577
6021578
6021579
6022009
6022010
6022011
6022012
6022013
6022014
6022015
6022016
6022017
6022018
6022019
6022020
6022021
6022022
6022023
6022024
6022025
6022026
6022027
6022028
6022029
6022030
6022031
6022032
6022033
6022034
6022035
6022036
6022037
6022038
6022039
6022040
6022041
6022042
6022043
6022044
6022454
6022455
6022456
6022457
6022458
6022459
6022460
6022461
6022463
6022464
6022465
6022466
6022467
6022468
6022469
6023252
6023253
6023254
6023255
6023256
6023257
6023258
6023259
6023260
6023261
6023262
6023263
6023264
6023670
6024108
6024109
6024110
6024111
6024112
6024113
6024114
6024115
6024116
6024117
6024118
6024119
6024120
6024121
6024122
6024123
6024124
6024125
6024126
6024127
6024128
6024129
6024130
6024131
6024132
6024133
6024134
6024135
6024136
6024137
6024138
6024139
6024160
6024161
6024162
6024163
6024164
6024165
6024166
6024167
6024168
6024169
6024170
6024171
6024172
6024173
6024174
6024175
6024176
6024177
6024183
6024184
6024185
6024186
6024187
6024188
6024189
6024190
6024191
6024217
6024218
6024219
6024220
6024221
6024222
6024223
6024224
6024225
6024226
6024227
6024228
6024361
6024362
6024363
6024364
6024365
6024366
6024367
6024368
6024369
6024370
6024371
6024372
6024373
6024374
6024375
6024376
6024377
6024378
6024379
6024380
6024381
6024382
6024383
6024384
6024385
6024386
6024387
6024388
6024389
6024390
6024391
6024392
6024393
6024625
6024626
6024627
6024628
6024629
6024630
6024631
6024632
6024633
6024634
6024635
6024636
6025175
6025176
6025177
6025178
6025179
6025180
6025181
6025182
6025253
6025254
6025255
6025256
6025257
6025258
6025259
6025260
6025261
6025262
6025263
6025264
6025265
6025266
6025457
6025458
6025459
6025460
6025461
6025462
6025463
6026467
6026468
6026469
6026470
6026471
6026472
6026473
6026474
6026475
6026476
6026477
6026478
6026479
6026480
6026481
6026482
6026483
6026484
6026485
6026486
6026487
6026488
6026489
6026490
6026491
6026492
6026493
6026494
6026495
6026496
6026497
6026498
6026499
6026500
6026501
6026502
6026503
6026504
6026505
6026506
6027200
6027201
6027202
6027203
6027204
6027205
6027206
6027207
6027208
6027220
6027221
6027222
6027223
6027224
6027225
6027226
6027227
6027228
6027273
6027274
6027275
6027276
6027277
6027278
6027279
6027280
6027281
6027282
6027283
6027284
6027285
6027286
6027287
6027288
6027289
6027299
6027305
6027306
6027307
6027308
6027309
6027310
6027311
6027312
6027313
6027314
6027315
6027316
6027317
6027318
6027319
6027320
6027321
6027322
6027323
6027324
6027339
6027340
6027341
6027342
6027343
6027344
6027345
6027346
6027347
6027348
6027349
6027554
6027555
6027556
6027557
6027558
6027559
6027560
6027561
6028084
6028085
6028086
6028087
6028245
6028246
6028247
6028248
6028249
6028250
6028251
6028252
6028253
6028254
6028255
6028256
6028257
6028258
6028259
6028260
6028261
6028262
6028263
6028264
6028265
6028266
6028267
6028268
6028269
6028270
6028271
6028272
6028273
6028274
6028275
6028276
6028432
6028433
6028434
6028991
6028992
6028993
6028994
6028995
6028996
6028997
6028998
6028999
6029000
6029050
6029051
6029052
6029053
6029054
6029055
6029056
6029057
6029058
6029059
6029060
6029061
6029062
6029594
6029595
6029596
6029597
6029598
6029599
6029600
6029601
6029602
6029603
6029604
6029605
6029606
6029607
6029608
6029609
6029610
6029700
6029701
6029702
6029703
6029704
6029705
6029706
6029707
6029708
6029709
6029710
6029711
6030113
6030114
6030115
6030116
6030117
6030118
6030119
6030120
6030121
6030122
6030123
6030124
6030125
6030126
6030797
6030798
6030799
6030800
6030801
6030802
6030803
6030804
6030805
6030806
6030807
6031453
6031454
6031455
6031456
6031457
6031458
6032403
6032404
6032405
6032406
6032407
6032408
6032409
6032410
6032411
6032412
6032413
6032414
6032415
6032416
6032417
6032418
6032419
6032420
6032421
6032462
6032533
6032534
6032535
6032536
6032537
6032538
6032539
6032540
6032541
6032542
6032543
6032544
6032545
6032969
6032970
6032971
6032972
6032973
6032974
6032975
6032976
6032977
6032978
6033007
6033008
6033009
6033010
6033011
6033012
6033013
6033014
6033015
6033016
6033017
6033018
6033019
6033038
6033039
6033040
6033041
6033042
6033043
6033044
6033045
6033183
6033184
6033352
6033353
6033354
6033355
6033356
6033357
6033358
6033359
6033360
6033361
6033362
6033363
6033364
6033365
6033366
6033367
6033368
6033369
6033370
6033371
6033372
6033373
6034329
6034330
6034331
6034332
6034333
6034334
6034335
6034336
6034337
6034338
6034339
6034348
6034349
6034350
6034351
6034352
6034353
6034354
6034355
6034356
6034357
6034358
6034359
6034360
6034361
6034362
6034363
6034364
6034365
6034366
6034367
6034368
6034414
6034415
6034416
6034417
6034418
6034419
6034420
6034421
6034422
6034423
6034424
6034425
6034426
6034427
6034428
6034429
6034430
6034431
6034432
6034433
6034558
6034559
6034560
6034561
6034562
6034563
6034564
6034565
6034566
6034567
6034568
6036319
6036320
6036321
6036322
6036323
6036324
6036325
6036326
6036327
6036328
6038646
6038647
6038648
6038649
6038650
6038651
6038652
6038653
6038654
6038655
6038656
6038657
6038658
6039760
6039799
6039800
6039801
6039802
6039803
6040101
6040102
6040103
6040104
6040105
6040106
6040107
6040108
6040109
6040110
6040111
6040112
6040113
6040114
6040115
6040116
6040117
6040118
6040119
6040120
6040121
6040122
6040123
6040124
6040236
6040237
6040238
6040239
6040240
6040241
6040242
6040243
6040244
6040286
6040287
6040288
6040289
6040290
6040291
6040292
6040293
6040294
6040295
6040296
6040313
6040314
6040315
6040316
6040317
6040318
6040319
6040320
6040321
6040322
6040323
6040324
6040325
6040326
6040327
6040328
6040361
6040362
6040363
6040364
6040365
6040366
6040367
6040368
6040369
6040370
6040371
6040372
6042215
6042216
6042217
6042218
6042219
6042220
6042221
6042222
6042223
6042224
6042225
6042226
6042227
6042228
6042229
6042230
6042231
6042232
6042233
6042234
6042235
6042236
6042237
6042238
6042239
6042240
6042241
6042242
6042243
6042244
6042245
6042246
6042247
6042248
6042249
6042250
6042251
6042252
6042253
6042254
6042255
6042256
6042257
6042258
6042259
6042260
6042261
6042262
6042263
6042264
6042265
6043306
6043307
6043308
6043309
6043310
6043311
6043312
6043313
6043314
6043315
6043316
6043317
6043318
6043408
6043409
6043410
6043411
6043412
6043413
6043414
6043415
6043416
6043417
6043418
6043419
6043420
6043421
6043422
6043423
6043424
6043425
6043426
6043427
6043428
6043429
6043430
6043431
6043432
6043433
6043434
6043435
6043436
6043437
6043438
6043439
6043440
6044527
6044528
6044529
6044530
6044531
6044532
6044533
6044534
6044535
6044536
6044537
6044538
6044539
6044540
6044934
6044935
6044936
6044937
6044938
6044939
6044940
6044941
6044942
6044943
6044944
6044945
6044946
6044947
6044948
6044949
6044950
6044951
6044952
6044953
6044954
6044955
6044956
6044957
6044958
6044959
6044960
6044961
6044962
6044963
6044964
6047084
6047085
6047086
6047087
6047088
6047089
6047090
6047091
6047092
6047093
6047094
6047095
6047096
6047097
6047098
6047099
6047100
6047101
6047102
6047103
6047104
6047105
6047106
6047107
6047108
6047109
6047110
6047111
6047112
6047113
6050160
6050161
6050162
6050163
6050164
6050165
6050166
6050167
6050168
6050169
6050170
6050171
6050172
6050173
6050174
6050175
6050176
6050177
6050178
6050179
6050604
6050605
6050606
6050607
6050608
6050609
6050610
6050611
6050612
6050613
6050614
6050615
6050616
6050617
6050618
6050850
6050893
6050894
6050895
6050896
6050897
6050898
6050899
6052545
6052546
6052547
6052548
6052549
6052550
6052551
6052552
6052553
6052554
6052555
6052556
6052557
6052558
6052559
6052560
6052561
6052562
6052563
6052564
6052565
6052566
6052567
6052568
6052569
6052570
6052571
6052572
6052573
6052574
6052575
6052576
6052577
6052578
6052579
6052580
6052581
6052582
6052583
6052584
6052585
6052586
6052587
6052588
6052589
6052590
6052591
6052592
6052593
6052594
6052595
6052596
6052699
6052700
6052701
6052702
6052703
6052704
6052705
6052706
6052707
6052708
6052778
6052779
6052780
6052781
6052782
6052783
6052784
6052785
6052786
6052787
6054467
6054469
6054470
6054471
6054472
6054473
6054474
6054475
6054476
6054477
6054478
6054479
6054480
6054481
6054495
6054496
6054497
6054498
6054499
6054500
6054501
6054502
6054503
6054504
6054505
6054506
6054507
6054508
6054509
6054534
6054535
6054536
6054537
6054538
6054539
6054540
6054541
6054542
6054543
6054544
6054545
6054546
6054547
6054548
6054549
6054550
6054551
6054552
6054553
6054554
6056109
6056110
6056111
6056112
6056113
6056114
6056115
6056116
6056117
6056118
6056119
6056120
6056121
6056122
6056123
6057732
6057733
6057734
6057735
6057736
6057754
6057755
6057756
6057757
6057758
6057759
6057760
6057761
6057762
6057763
6057764
6057765
6057766
6059513
6059514
6059515
6059516
6059517
6059518
6059519
6059520
6059521
6059522
6059523
6059524
6059525
6059526
6059527
6059528
6059529
6059530
6059531
6059532
6059533
6059534
6059535
6059536
6059537
6059538
6059539
6059540
6059541
6059542
6059543
6059544
6059545
6059546
6059547
6059548
6059549
6059550
6059551
6059552
6059553
6059554
6059555
6059556
6059557
6059558
6059559
6059560
6059561
6059562
6059563
6059564
6059565
6059566
6059567
6059568
6059569
6059570
6059571
6059572
6059573
6059574
6059575
6059576
6059577
6059578
6059579
6059580
6059581
6059582
6059583
6059584
6059585
6059586
6059587
6059588
6059589
6059590
6059591
6059592
6059593
6059594
6059595
6059596
6059597
6059598
6059599
6059600
6059601
6059602
6059603
6059604
6059605
6059606
6059607
6059608
6059609
6059610
6059611
6059612
6059613
6059614
6059615
6059616
6059617
6059618
6059619
6059620
6059622
6059623
6059624
6059625
6059626
6059627
6059628
6059765
6060215
6060216
6060217
6060218
6060219
6060220
6060221
6060222
6060223
6060224
6060225
6060226
6060227
6060228
6060229
6060230
6060231
6060232
6060233
6060234
6060235
6060236
6060237
6060277
6060278
6060279
6060280
6060281
6060282
6060283
6060284
6060285
6060286
6060452
6060453
6060454
6060455
6060456
6060457
6060458
6060459
6060460
6060461
6060599
6060600
6060601
6060602
6060603
6060604
6060605
6060606
6060607
6060608
6060609
6060610
6060611
6060612
6060613
6060614
6060615
6060616
6060617
6060618
6060619
6060620
6060621
6060622
6060623
6060624
6062724
6062725
6062726
6062727
6062728
6062729
6062730
6062731
6062732
6062733
6062734
6062735
6062736
6062737
6062738
6062739
6062740
6062741
6062742
6062912
6062913
6062914
6062915
6062916
6062917
6063035
6063036
6063037
6063038
6063039
6063040
6063057
6063058
6063059
6063060
6063061
6063062
6063063
6063064
6063065
6063066
6065390
6065391
6065392
6065393
6067423
6067424
6067425
6067426
6067427
6067428
6067429
6067430
6067431
6067432
6067433
6067434
6067435
6067436
6067437
6067438
6067439
6067440
6067441
6067442
6067443
6067444
6067445
6067446
6067447
6067448
6069119
6069120
6069121
6069122
6069123
6069124
6069125
6069126
6069127
6069128
6069129
6069130
6069131
6069132
6069133
6069134
6069135
6069136
6069137
6069509
6069510
6069511
6069512
6069513
6069514
6069515
6069516
6069517
6070062
6070063
6070064
6070065
6070066
6070067
6070068
6070069
6070070
6070071
6070072
6070073
6070074
6070075
6070076
6070077
6070078
6070079
6070080
6070081
6070082
6070083
6070084
6070085
6070086
6070087
6070088
6070089
6070090
6070091
6070092
6070093
6070094
6070095
6070096
6070097
6070098
6070099
6070100
6070133
6070134
6070135
6070136
6070137
6070138
6070139
6070140
6070141
6070142
6070143
6070144
6070145
6070146
6070147
6071302
6071303
6071304
6071305
6071306
6071307
6071308
6071309
6071310
6071311
6071312
6071313
6071314
6071315
6071316
6071317
6071318
6071319
6071320
6071321
6071322
6071323
6071324
6071325
6071326
6071327
6071328
6071329
6071330
6071331
6071332
6071333
6071334
6071335
6071798
6071799
6071800
6071801
6071802
6071803
6071804
6071805
6071806
6071807
6071808
6071809
6071810
6071811
6074470
6074471
6074472
6074473
6074474
6074873
6074874
6074875
6074876
6074877
6074878
6074879
6074880
6074881
6074882
6074883
6075921
6075922
6075923
6075924
6075925
6075926
6078243
6078244
6078245
6078246
6078247
6078248
6078249
6078250
6078251
6078252
6078253
6078254
6078255
6078256
6078257
6078258
6078259
6078260
6078261
6078262
6078263
6078264
6078265
6078266
6078267
6078570
6078587
6078588
6078589
6078590
6078591
6078592
6078593
6078594
6078595
6078596
6078597
6078598
6078599
6078600
6078601
6078602
6078603
6078604
6078605
6078956
6078957
6078958
6078959
6078960
6078961
6078962
6078963
6078964
6078965
6078966
6078967
6078968
6078969
6078970
6078971
6078972
6078973
6078974
6078975
6078976
6078977
6078978
6078979
6078980
6078981
6078982
6079232
6079233
6079234
6079235
6079236
6079237
6079238
6079239
6079240
6079241
6079242
6079243
6079244
6079245
6079246
6079247
6079299
6079300
6079301
6079302
6079303
6079304
6079305
6079306
6079307
6079308
6079309
6079310
6079311
6079312
6079313
6079314
6079315
6079316
6079317
6079318
6079319
6079320
6079321
6079322
6079323
6079324
6079325
6079326
6079327
6079328
6079329
6079330
6079331
6079332
6079333
6079334
6079335
6079336
6079337
6079338
6079339
6079340
6079341
6079342
6079343
6079344
6079345
6079346
6079347
6079348
6079349
6079350
6079351
6079352
6079353
6079354
6079355
6079356
6079357
6079358
6079359
6079360
6079361
6079362
6079363
6079364
6079365
6079366
6079367
6079368
6079369
6079370
6079371
6079372
6079373
6079374
6079375
6079376
6079377
6079480
6079481
6079482
6079483
6079484
6079485
6079486
6079487
6079488
6079489
6079490
6079491
6079492
6079493
6079494
6079495
6079496
6079497
6079498
6079499
6079500
6080683
6080684
6080685
6080686
6080687
6080688
6080689
6080690
6080691
6080692
6080734
6080735
6080736
6080737
6080738
6080739
6080740
6080741
6080742
6080743
6080744
6080745
6080770
6080771
6080772
6080773
6080774
6080775
6080776
6080777
6080778
6081097
6081098
6081099
6081100
6081101
6081102
6081103
6081145
6081146
6081147
6081148
6081149
6081150
6081151
6081152
6081153
6081798
6081799
6081800
6081801
6081802
6081803
6081878
6081879
6081880
6081881
6083023
6083024
6083025
6083026
6083027
6083028
6083029
6083030
6083031
6083032
6083033
6083034
6083035
6083036
6083037
6083038
6083039
6083040
6083041
6083042
6083043
6083044
6083045
6083046
6083047
6083048
6083049
6083050
6083051
6083052
6083053
6083054
6083055
6083056
6083057
6083058
6083059
6083060
6083061
6083062
6083063
6083064
6083065
6083066
6084223
6084224
6084225
6084226
6084227
6084228
6084297
6084298
6084299
6084300
6084301
6084302
6084303
6084304
6084305
6084508
6084509
6084510
6084511
6084512
6084513
6084514
6084515
6084516
6084517
6085033
6085034
6085035
6085036
6085037
6085038
6085039
6085040
6085041
6085042
6085043
6085044
6085045
6085046
6085047
6085048
6085049
6085050
6085051
6085052
6085053
6085054
6085055
6085056
6085057
6085058
6085059
6085128
6085129
6085130
6085131
6085132
6085133
6085134
6085135
6090370
6090371
6090372
6090373
6090374
6090375
6090376
6090377
6090378
6090379
6090380
6090381
6090382
6090383
6090384
6090385
6090386
6090387
6090388
6090389
6090390
6090391
6090392
6090393
6090423
6090424
6090425
6090426
6090427
6090428
6090429
6090430
6090431
6090432
6090433
6090434
6090435
6090436
6090437
6090438
6090439
6090440
6093474
6093475
6093476
6093477
6093478
6093479
6093920
6093921
6093922
6093923
6093924
6094329
6094330
6094331
6094332
6094333
6094334
6094335
6094336
6094337
6094338
6094339
6094340
6094341
6094342
6094504
6094505
6094506
6094507
6094508
6094509
6094510
6094511
6095277
6095278
6095279
6095280
6095281
6095282
6095283
6095284
6095285
6095286
6095287
6095288
6095289
6095290
6095296
6095301
6095309
6095318
6095325
6095330
6095331
6095693
6095694
6095695
6095696
6095697
6095698
6095699
6095700
6095701
6095702
6095703
6095704
6095705
6095706
6095707
6095708
6095709
6095710
6095711
6095712
6095713
6095714
6095715
6095716
6095717
6095718
6095719
6095720
6095721
6095722
6095723
6095724
6095725
6095726
6095727
6095728
6095729
6095730
6095731
6095732
6095733
6095734
6095770
6095771
6095772
6095773
6095774
6095775
6095776
6095777
6095778
6095779
6095780
6095781
6095782
6095783
6095784
6095785
6095786
6095930
6095931
6095932
6095933
6095934
6095935
6095936
6095937
6096040
6096041
6096042
6096043
6096044
6096045
6096046
6097167
6097168
6097169
6097170
6097171
6097172
6097173
6097174
6097175
6097176
6097177
6097178
6097179
6097180
6097181
6097182
6097183
6097184
6097643
6097644
6097645
6097646
6097647
6097648
6097649
6097650
6097651
6097652
6097653
6097654
6097655
6097656
6097997
6097998
6097999
6098000
6098001
6098002
6098003
6098004
6098005
6098006
6098007
6098008
6098009
6098010
6098011
6098012
6098013
6098014
6098015
6098016
6098017
6098018
6098019
6098020
6098021
6098022
6098023
6098024
6098025
6098026
6098027
6098028
6098029
6098030
6098031
6098032
6098033
6098034
6098035
6098036
6098037
6098038
6098210
6098211
6098212
6098213
6098214
6098215
6098216
6098217
6098218
6098219
6098220
6098221
6098222
6098223
6098224
6098225
6098226
6098227
6098228
6098229
6098230
6098231
6098232
6098233
6098234
6098235
6098236
6098237
6098238
6098239
6098240
6098241
6098242
6098243
6098244
6098245
6098246
6098247
6098248
6098249
6098250
6098251
6098252
6098253
6098254
6098255
6098256
6098257
6098258
6098259
6098260
6098261
6098262
6098263
6098264
6098265
6098266
6098267
6098268
6098269
6098270
6098271
6098272
6098273
6098274
6098275
6098276
6098277
6098278
6098279
6098280
6098281
6098282
6098283
6098284
6098285
6098286
6098287
6098288
6098289
6098290
6098291
6098292
6098293
6098294
6098466
6098467
6098468
6098469
6098470
6098471
6098472
6098473
6098474
6098475
6098476
6098870
6098871
6098872
6098873
6098874
6098875
6098876
6098877
6098878
6098879
6098880
6098881
6098882
6098883
6098884
6098885
6098886
6098887
6098888
6098889
6098890
6098891
6098892
6098893
6098894
6098895
6098896
6098897
6098898
6098899
6098900
6098901
6098902
6098903
6099698
6099699
6099700
6099701
6099702
6099703
6099704
6099705
6099706
6099707
6099708
6099709
6099710
6099711
6099712
6099713
6099714
6099715
6099716
6099717
6099718
6099719
6099720
6099730
6099731
6099732
6099733
6099734
6099735
6099736
6099737
6099738
6102273
6102291
6102292
6102293
6102294
6102295
6102296
6102297
6102298
6102299
6102300
6102301
6102302
6102303
6102463
6102464
6102465
6102466
6102467
6102468
6102469
6102470
6102471
6102472
6102473
6102474
6102475
6102476
6102477
6102478
6102479
6102480
6102481
6102482
6102483
6102484
6102485
6102486
6102487
6102488
6102489
6102490
6102491
6102492
6102493
6102494
6102495
6102496
6102497
6102498
6102508
6102509
6102510
6102511
6102512
6102513
6102514
6102515
6102516
6103290
6103291
6103292
6103293
6103294
6103295
6103296
6103297
6103298
6103299
6103300
6105431
6105432
6105433
6105434
6105435
6105460
6105461
6105462
6105463
6105464
6105465
6105466
6105467
6105468
6106424
6106425
6106426
6106427
6106428
6106429
6106430
6106431
6106432
6106433
6106434
6106435
6106436
6106437
6106438
6110080
6110081
6110082
6110083
6110084
6110085
6110086
6110087
6110088
6110089
6110090
6110091
6110092
6110093
6111887
6111888
6111889
6111890
6111891
6111892
6111893
6111894
6111895
6111896
6111897
6111898
6111899
6111900
6111901
6111902
6111903
6111904
6111905
6111906
6111907
6111908
6111909
6111910
6111911
6111912
6111913
6111914
6111915
6111916
6111917
6111918
6111919
6111920
6111921
6111932
6111933
6111934
6111935
6111936
6111937
6111938
6111939
6111940
6111941
6111942
6111943
6111944
6111945
6111946
6111947
6111948
6111949
6111950
6111951
6111952
6111953
6111954
6111955
6111956
6111957
6111958
6111959
6111960
6111961
6111962
6111963
6111964
6111965
6112331
6112332
6112333
6112334
6112335
6112336
6112337
6112338
6112339
6112340
6112341
6112342
6112343
6112344
6112345
6112346
6112347
6112348
6112349
6112350
6112351
6112352
6112353
6112354
6112355
6112356
6112357
6112358
6112359
6112360
6112361
6112362
6112363
6112364
6112365
6112366
6112367
6112368
6112369
6112370
6112371
6112372
6112373
6112894
6112895
6112896
6112897
6112898
6112899
6112900
6112947
6116553
6116554
6116555
6116556
6116557
6116558
6116559
6116560
6116561
6116562
6116563
6116564
6116565
6116566
6116567
6116568
6116569
6116570
6116571
6116572
6116573
6116574
6116575
6116576
6116577
6116578
6116579
6116580
6116581
6116582
6116583
6116584
6116585
6116586
6116587
6116588
6116589
6116590
6116591
6116592
6116593
6116594
6116595
6116596
6116597
6116598
6116599
6116600
6116601
6116602
6116603
6116604
6116605
6116606
6116607
6116608
6116609
6116610
6116611
6116612
6116613
6116614
6116615
6116616
6116617
6116618
6116619
6116620
6116621
6116622
6116623
6116624
6116625
6116626
6116627
6116628
6116629
6116630
6116631
6116632
6116633
6116634
6116635
6116636
6117768
6117769
6117770
6117771
6117772
6117773
6117774
6117775
6117776
6117777
6117880
6117881
6117882
6117883
6117884
6117926
6117927
6117928
6117929
6117930
6117931
6117932
6117933
6117934
6117935
6117990
6117991
6117992
6117993
6117994
6117995
6117996
6117997
6117998
6117999
6118000
6118001
6118002
6118003
6118004
6118005
6118006
6118007
6118008
6118009
6118010
6119021
6119022
6119498
6119499
6119500
6119501
6119502
6119503
6119504
6119505
6119506
6119507
6119508
6119509
6119510
6119511
6119512
6119513
6119514
6119515
6119516
6119517
6119518
6119559
6119560
6119561
6119562
6119563
6119564
6119565
6119566
6119567
6119568
6119569
6119570
6119571
6119572
6119580
6119581
6119582
6119583
6119584
6119585
6119586
6119587
6119588
6119589
6119590
6119591
6119919
6119920
6119921
6119922
6119923
6119924
6119925
6119926
6119927
6120667
6120693
6120694
6120695
6120696
6120697
6120698
6120699
6120700
6120701
6121059
6121060
6121061
6121062
6121063
6121064
6121065
6121066
6121067
6121068
6121537
6121538
6121539
6121540
6121541
6121542
6121543
6121544
6121545
6121546
6121547
6121548
6121549
6121658
6121659
6121660
6121661
6121662
6121663
6121664
6121665
6121666
6121667
6121668
6121669
6121670
6121671
6121672
6121673
6121674
6121675
6121676
6121677
6121678
6121679
6121680
6121681
6121682
6121683
6121710
6121711
6121712
6121713
6121714
6121715
6121716
6121717
6121826
6121827
6121828
6121829
6121830
6121831
6122716
6122717
6122718
6122719
6122720
6122721
6122722
6122723
6122724
6122725
6122726
6122727
6122728
6122729
6122730
6122731
6122732
6122733
6122778
6122779
6122780
6122781
6128797
6128798
6128799
6128800
6128801
6128802
6128803
6128804
6128805
6128806
6128807
6128808
6128809
6128810
6128811
6128812
6128813
6128814
6128815
6128816
6128817
6128818
6128819
6128820
6128821
6128822
6128823
6128824
6128825
6128826
6128827
6128828
6128829
6128830
6128831
6128832
6128833
6128834
6128835
6128836
6128837
6128838
6128839
6128840
6128841
6128842
6128843
6128844
6128845
6128846
6128847
6128848
6128849
6128850
6128851
6128852
6128853
6128854
6128855
6128856
6128857
6128858
6128859
6128860
6128861
6128862
6128863
6128864
6128865
6128866
6128867
6130412
6130413
6130414
6130415
6130416
6130495
6130496
6130497
6130498
6130499
6130500
6130501
6130502
6130503
6130504
6130505
6130506
6130507
6130508
6130509
6130510
6130511
6130512
6130513
6130514
6130515
6130516
6130517
6130518
6130519
6130520
6130521
6130522
6130523
6130524
6130525
6130526
6130527
6130528
6130529
6130530
6130531
6130532
6130533
6130534
6130535
6130536
6130537
6130538
6130539
6130540
6130541
6130542
6130543
6130544
6130545
6130546
6130547
6130548
6130549
6130550
6130551
6130552
6130553
6130554
6130555
6130556
6130557
6130558
6130559
6130560
6130561
6130562
6130563
6130564
6130565
6130566
6130567
6130568
6130569
6130570
6130571
6130572
6130573
6130574
6130575
6130576
6130577
6130578
6130784
6130785
6130786
6130787
6130788
6130789
6130833
6130834
6130835
6130836
6130837
6130838
6130839
6130840
6130883
6130884
6130885
6130886
6130887
6130888
6130889
6130890
6130891
6130892
6130893
6130894
6130895
6130896
6130897
6130898
6130899
6130900
6130901
6131910
6131911
6131912
6131913
6131914
6131915
6131916
6131917
6131918
6132100
6132101
6132102
6132103
6132104
6132105
6132106
6132107
6132108
6132109
6132323
6132324
6132325
6132326
6132327
6132328
6132329
6132330
6132331
6132332
6132333
6132334
6132335
6132336
6132337
6132338
6132339
6132340
6132341
6132889
6132890
6132891
6132892
6132893
6132894
6132895
6132896
6132897
6132898
6132899
6132900
6132901
6132902
6132903
6132904
6132905
6132906
6132907
6132908
6132909
6132910
6132911
6132912
6132913
6132914
6132915
6133577
6133610
6133611
6133612
6133613
6133614
6133615
6133616
6133885
6133886
6133887
6133888
6133889
6133890
6133891
6133892
6133893
6133894
6133895
6133896
6133897
6133898
6133899
6133900
6133901
6133902
6134439
6134440
6134441
6134442
6134443
6134444
6134445
6134446
6134447
6134448
6134449
6134450
6134451
6134452
6134453
6134454
6134455
6134456
6134457
6134458
6134459
6134460
6134461
6134462
6134463
6134464
6134465
6134466
6134648
6135452
6135453
6135454
6135455
6135456
6135457
6135458
6135459
6135460
6135461
6135462
6135463
6135464
6135465
6135466
6135467
6135468
6135469
6135470
6135471
6135472
6135473
6135474
6135475
6135476
6135477
6135478
6135479
6135480
6135481
6135482
6135483
6135484
6135485
6135486
6135487
6135488
6135489
6135490
6135491
6135492
6135493
6135494
6135533
6135534
6135535
6135536
6135537
6135538
6135539
6135540
6135541
6135542
6135543
6135544
6135545
6135546
6135547
6135548
6135549
6135550
6135551
6135552
6135794
6135902
6135903
6135904
6135905
6135906
6135907
6135908
6135909
6135910
6135911
6135912
6135913
6135914
6137615
6137616
6137617
6137618
6137619
6137620
6137663
6137664
6137665
6137666
6137667
6137668
6137669
6137670
6137671
6137672
6137673
6137674
6137675
6137676
6137677
6137678
6137679
6137680
6137856
6137857
6137858
6137859
6137860
6137861
6137862
6138006
6138007
6138008
6138009
6138010
6138011
6138012
6138013
6138014
6138015
6138016
6138017
6138018
6138019
6138020
6138021
6139732
6139733
6139734
6139735
6139736
6139737
6139738
6139739
6139740
6139741
6140132
6140133
6140134
6140135
6140136
6140137
6140138
6140139
6140140
6140141
6140142
6140143
6140144
6142823
6142824
6142825
6142826
6142827
6142828
6142829
6142830
6142831
6142832
6142833
6142834
6143009
6143010
6143011
6143012
6143013
6143014
6143015
6143016
6143187
6143188
6143189
6143190
6143191
6143192
6143193
6143194
6143195
6143196
6143197
6143198
6143199
6143200
6144974
6144975
6144976
6144977
6144978
6144979
6144980
6144981
6144982
6144983
6144984
6144985
6144986
6144987
6144988
6144989
6144990
6144991
6144992
6144993
6144994
6144995
6144996
6144997
6144998
6144999
6145000
6145001
6145002
6145003
6145004
6145005
6145006
6145007
6145008
6145009
6145010
6145011
6145012
6145013
6145014
6145015
6145016
6145017
6145018
6145019
6145020
6145021
6145022
6145023
6145024
6145025
6145026
6145027
6145028
6146515
6146516
6146517
6146518
6146519
6146520
6146521
6146522
6146523
6146524
6146525
6146526
6146527
6146528
6146529
6146530
6146531
6146532
6146533
6146534
6146535
6146536
6146537
6146538
6146539
6146540
6147238
6147239
6147240
6147241
6147242
6147243
6147244
6147245
6147246
6147247
6147248
6147249
6147250
6147251
6147252
6147253
6147254
6147255
6147256
6147257
6147258
6147259
6147260
6147261
6147262
6147263
6147264
6147265
6147266
6147267
6147268
6147269
6147270
6147271
6147272
6147273
6147595
6147596
6147597
6147598
6147599
6147600
6147601
6147602
6147603
6147604
6147605
6147606
6147727
6147728
6147729
6147730
6147731
6147732
6147733
6147734
6147735
6147736
6147737
6147738
6147739
6147740
6147741
6147742
6147743
6147744
6147745
6147746
6147747
6147748
6149024
6150398
6150399
6150400
6150401
6150402
6150403
6150404
6150405
6150406
6150407
6150408
6150409
6150410
6150694
6152507
6152508
6152509
6152510
6154418
6154419
6154420
6154421
6154422
6154423
6154424
6154425
6154426
6154427
6154428
6155000
6155001
6155002
6155003
6155004
6155005
6155006
6155007
6155008
6155009
6155010
6155011
6155012
6155013
6155014
6155015
6155016
6155017
6155030
6155031
6155032
6155033
6155034
6155035
6155036
6155037
6155038
6155039
6155040
6155041
6155042
6155043
6155044
6155045
6155046
6155047
6155048
6155049
6155050
6155051
6156488
6156774
6156775
6156776
6156777
6156778
6156779
6156780
6156781
6156782
6156783
6156784
6156785
6156786
6156787
6156788
6156789
6156790
6157270
6157271
6157272
6157273
6157274
6157275
6157276
6157277
6157278
6157279
6157280
6157281
6157282
6157283
6157284
6157285
6157286
6157287
6157288
6157289
6157290
6157291
6157292
6157293
6157294
6157295
6157296
6157297
6157298
6157299
6157300
6157301
6157302
6157303
6157304
6157305
6157306
6157307
6157308
6157309
6157310
6157311
6157312
6157827
6157828
6157829
6157830
6157831
6157832
6157833
6157834
6157835
6157836
6157837
6157838
6157839
6157840
6157841
6157842
6157843
6157844
6157845
6157846
6157847
6157848
6157849
6157850
6157851
6157852
6157853
6157854
6157855
6157856
6157857
6157858
6157859
6157877
6157878
6157879
6157880
6157881
6157882
6157883
6157884
6157885
6157886
6157887
6158072
6158073
6158074
6158075
6158076
6158077
6158078
6158079
6158080
6158081
6158082
6158083
6158084
6158085
6158086
6158087
6158088
6158089
6158090
6158091
6158092
6158093
6158177
6158178
6158179
6158180
6158181
6158182
6158183
6158184
6158185
6158213
6158214
6158215
6158216
6158217
6158218
6158219
6158220
6158221
6158222
6158223
6158264
6158265
6158266
6158267
6158268
6158269
6158270
6158271
6158272
6158273
6158274
6158275
6158276
6158277
6158278
6158279
6158280
6158281
6158282
6158283
6158284
6158642
6158643
6158990
6158991
6158992
6158993
6158994
6158995
6158996
6158997
6158998
6158999
6160010
6160011
6160012
6160013
6160014
6160015
6160016
6160017
6160018
6160019
6160020
6160021
6160022
6160023
6160024
6160025
6160047
6160048
6160049
6160050
6160051
6160052
6160053
6160054
6160055
6160056
6160057
6160058
6160059
6160060
6160061
6160062
6160063
6160064
6160065
6160066
6160067
6160628
6161601
6161602
6161603
6161604
6161605
6161606
6161607
6161608
6161710
6162986
6162987
6162988
6162989
6162990
6162991
6162992
6162993
6162994
6162995
6162996
6163233
6163386
6163387
6163388
6163389
6163390
6163391
6163392
6163393
6163394
6163395
6163396
6163397
6163398
6163399
6163400
6163401
6163402
6163403
6163404
6163405
6163410
6163411
6163412
6163413
6163414
6163415
6163416
6163417
6163418
6163419
6163420
6163421
6163422
6163423
6163424
6163425
6163426
6167630
6167632
6167796
6167797
6167798
6167799
6167800
6167801
6167802
6167803
6167804
6168323
6168324
6168325
6168326
6168327
6168328
6168329
6168330
6168331
6169051
6169052
6169053
6169054
6169055
6169056
6169057
6169058
6169059
6169060
6169061
6169062
6169063
6169064
6169065
6169066
6169067
6169068
6169069
6169070
6169071
6169072
6169073
6169074
6169075
6169947
6169948
6169949
6169950
6169951
6169952
6169953
6169954
6169955
6169956
6169957
6169958
6169959
6169960
6169961
6169962
6169963
6169964
6169965
6169966
6169967
6170507
6170508
6170509
6170510
6170511
6170512
6170513
6170514
6171002
6171003
6171004
6171005
6171006
6171007
6171008
6171009
6171010
6171011
6171221
6171222
6171223
6171224
6171225
6171226
6171227
6171228
6171229
6171230
6171231
6171768
6171769
6171770
6171771
6171772
6171773
6171774
6171775
6172207
6172208
6172209
6172210
6172211
6172212
6172213
6172214
6172215
6172216
6172598
6172599
6172600
6172601
6172602
6172603
6172604
6172605
6172606
6172607
6172608
6172609
6172610
6172611
6172612
6172613
6172614
6172919
6172920
6172921
6172922
6172923
6172924
6172925
6172926
6172927
6172928
6172929
6172930
6172931
6172932
6172933
6172934
6172935
6172936
6172937
6172938
6172939
6172940
6172941
6172942
6172943
6172944
6172945
6172946
6172947
6172948
6172949
6172950
6172951
6172952
6172953
6172954
6172955
6172956
6172957
6172958
6172959
6172960
6172961
6172962
6172963
6172964
6172965
6172966
6172967
6172968
6172969
6172970
6172971
6172972
6172973
6172974
6172975
6172976
6172977
6172978
6172979
6172980
6172981
6172982
6172983
6172984
6172985
6172986
6172987
6172988
6172989
6172990
6172991
6172992
6172993
6172994
6172995
6172996
6172997
6172998
6172999
6173000
6173001
6173002
6173003
6173004
6173005
6173006
6173007
6173008
6173009
6173010
6173011