335474
334100
335096
339433
339410
326460
334077
331770
339341
336539
337804
338978
333868
339026
327665
335242
336533
333728
334315
334309
337220
339473
340266
329051
332248
336576
336625
334117
329652
334063
333874
334323
333851
339018
326426
334086
334037
339447
333396
322255
335460
337624
330934
334106
339590
332949
339539
335480
337389
334329
339596
327594
323466
331930
334094
339602
343191
337632
335331
331773
332437
334097
337346
339338
334074
335477
340054
339390
331796
335239
335454
339413
334103
334080
336227
334306
340257
334615
332099
327920
339330
331478
339470
342696
323463
331455
340775
334303
334060
327585
327591
334083
339444
342075
339513
335457
334326
337621
340277
336559
339393
334046
339593
334295
334332
335471
336645
337392
343629
326423
334338
334075
340335
334098
341832
333248
337232
335455
340032
339416
322259
334069
339333
333534
337616
336620
334307
335246
316955
330972
333872
334115
340229
333849
335011
336554
341011
323464
335203
339445
330766
331479
339471
335578
336983
334327
339396
334321
334298
334304
340470
339024
339514
339588
337722
330703
341609
339594
326424
339408
339402
335472
337630
334290
339451
334092
335452
330397
334049
333763
334101
332040
343842
336571
334318
329054
334519
339027
337221
334072
336628
334310
337607
339033
343364
335346
342084
331739
339399
334324
339448
333852
337504
335463
342053
337576
333093
339591
333540
337619
339021
332801
334301
334081
334330
339405
337390
343341
337627
328144
334138
334089
339597
323467
332813
333846
335469
336551
337633
334027
341736
342517
334050
339337
335478
332799
335825
327581
337614
339028
343553
334113
341097
339967
334067
334313
339400
331714
323462
334110
334084
339592
341578
339443
332802
334302
335458
337622
339022
337236
339394
341515
334296
337628
334047
333692
333847
334096
335613
323470
327549
339411
333529
334076
327718
329069
332155
332015
335335
327810
333761
334070
339025
337210
341292
340960
336569
337651
341942
327770
341833
335982
337611
334316
337216
336623
343115
326427
334064
339019
337219
339397
339446
330171
334107
334322
327564
334299
339540
326456
332948
337625
336643
335318
337482
335467
339412
319160
335476
339149
342137
327556
332110
334025
336564
339389
334079
333524
340354
336535
339418
334071
337222
334317
335342
336627
341496
334065
334311
333870
339020
326428
334088
342695
339137
339469
339398
333753
337503
334108
341009
342366
333547
334082
339406
337234
337391
334331
344032
339604
343677
343777
323468
331042
334337
334028
337609
334099
342257
334051
342541
335903
336235
335473
337231
342804
337208
341831
342687
343422
335233
335310
339392
331374
335456
339275
334105
344101
322260
334059
334320
338977
329044
334114
341785
339478
337214
333850
341273
333756
330410
334062
336555
339472
326425
334085
339017
339023
335459
337623
334328
343666
340471
339587
331188
335410
336547
334048
340185
323471
337629
334334